DATABASE_URL=postgresql://brevet:brevet12345@localhost:5432/brevetchain
HEDERA_ACCOUNT_ID=0.0.6825453
HEDERA_PRIVATE_KEY=302e020100300506032b65700422042009950309dec067f62f0bc5d4cf9145ef826d82356e5f5681a10ac5b95f84ae86
HEDERA_TOPIC_ID=0.0.987654

